826
286 390
9 737
137 810
656 22
458 369
95 311
648 264
218 161
13 755
410 463
23 271
559 180
231 313
26 2
713 441
202 31
30 41
768 811
86 215
321 285
160 404
306 430
223 244
650 301
60 86
137 27
512 290
248 113
224 344
124 35
385 98
96 95
163 565
33 25
431 79
338 82
60 19
57 704
189 317
277 406
397 253
134 102
163 410
253 634
588 363
593 506
432 414
38 20
211 581
665 650
625 450
263 339
128 590
303 205
598 291
427 156
639 450
188 37
105 128
183 267
24 35
194 49
454 123
525 745
121 600
769 352
653 212
584 420
218 549
11 386
60 350
95 118
552 207
468 291
539 707
304 359
373 747
93 685
4 6
690 395
110 40
116 100
544 444
721 673
817 320
200 228
59 165
775 704
750 299
493 379
48 4
790 545
519 348
24 21
185 23
75 159
441 705
225 136
9 471
7 4
195 183
75 821
521 555
266 174
688 682
226 26
720 624
219 210
235 482
395 421
125 36
135 85
247 40
62 15
48 456
392 215
39 32
19 5
408 71
515 245
272 297
234 718
488 696
558 797
137 235
582 731
302 113
166 343
27 59
81 31
356 9
778 316
214 118
520 108
534 686
152 574
59 65
542 798
85 275
275 442
230 1
173 109
85 748
19 282
72 203
53 50
692 147
786 449
321 568
124 227
663 45
567 542
247 280
84 444
194 607
151 281
499 640
94 170
796 808
21 3
288 1
30 255
623 293
89 580
216 241
40 92
482 788
30 546
461 106
346 277
734 355
316 398
171 87
301 360
749 105
81 561
77 252
322 762
11 15
783 487
260 89
392 433
109 136
95 22
136 278
305 99
80 64
370 226
1 9
32 71
325 14
164 191
819 684
480 795
545 328
413 659
657 103
394 616
38 114
539 807
18 8
793 22
170 760
147 136
73 78
427 618
276 80
379 480
239 492
258 602
239 16
563 801
180 204
109 138
136 529
722 238
169 299
100 105
667 451
661 305
30 172
401 236
73 74
32 13
169 684
375 310
714 307
460 316
8 270
298 64
71 518
13 3
573 559
251 617
464 195
180 175
222 376
663 716
440 113
187 120
31 292
628 700
162 231
331 271
46 51
91 52
630 232
11 83
259 251
165 701
76 10
20 108
11 12
332 709
553 354
550 86
739 774
423 652
7 459
142 119
472 8
393 583
809 686
312 577
589 143
37 316
654 601
170 290
209 5
67 414
549 765
806 311
246 349
273 157
106 54
668 82
513 321
91 140
544 694
241 318
10 8
340 596
595 114
147 251
58 33
29 9
126 178
411 352
61 160
773 258
61 697
638 581
151 364
328 738
25 4
117 670
217 308
347 547
350 542
47 55
79 51
212 792
497 381
687 348
67 52
317 571
82 50
76 77
58 201
459 628
288 486
155 354
662 479
474 165
411 528
346 399
330 198
530 772
451 759
33 207
683 433
49 643
651 167
103 222
10 782
826 8
715 338
253 310
78 249
315 13
263 563
274 405
7 27
229 380
319 92
516 119
132 621
269 185
373 25
322 107
499 128
174 160
90 54
63 38
303 644
394 537
341 213
189 488
88 112
196 198
75 452
530 805
138 799
723 732
368 177
254 189
703 392
20 103
391 445
332 527
69 541
566 55
48 197
582 374
582 695
306 531
490 91
140 345
63 122
396 672
73 37
605 89
66 526
19 176
72 677
251 576
469 470
400 295
26 72
12 262
37 70
378 61
236 86
145 141
771 804
223 420
708 497
319 532
150 23
377 85
242 324
150 450
45 64
66 347
343 761
825 799
242 163
217 118
49 522
601 71
612 43
369 74
30 18
85 693
414 613
31 168
113 104
803 366
344 702
396 106
206 429
39 402
434 351
392 645
177 52
739 298
123 41
362 230
362 606
770 658
25 481
126 212
155 133
627 399
632 614
296 379
46 28
538 733
673 235
355 802
551 512
61 109
357 101
105 453
238 90
320 88
58 93
49 153
484 142
780 796
69 46
133 637
393 372
104 121
234 67
270 426
646 198
117 213
190 389
2 1
487 494
217 337
95 412
40 37
4 2
146 82
175 38
125 524
78 119
54 35
446 345
351 242
149 328
52 192
338 719
140 423
170 224
371 30
360 586
666 264
163 221
200 173
739 771
417 345
217 626
570 514
332 308
572 698
380 449
114 240
579 550
741 458
431 730
780 138
17 220
766 136
268 642
2 8
49 26
758 579
408 622
471 823
561 655
451 216
152 438
604 525
205 232
88 117
89 19
673 680
17 5
479 198
587 232
394 221
199 186
468 753
597 394
470 491
61 24
196 407
422 105
814 767
304 455
258 365
104 689
154 69
403 387
163 67
117 441
36 16
235 820
228 257
750 784
104 14
77 556
649 162
508 496
536 245
691 270
495 236
822 150
340 92
688 712
314 326
329 283
59 144
478 218
16 14
763 738
395 435
614 744
103 279
66 63
118 139
183 172
1 5
436 496
133 116
86 265
69 101
505 725
604 620
243 35
568 740
473 366
29 130
336 237
629 85
360 383
263 241
457 35
102 32
40 87
350 764
57 38
388 192
9 94
62 99
500 658
189 93
179 115
3 2
281 304
342 159
682 677
533 608
79 131
675 100
603 277
346 611
785 302
66 229
274 210
34 13
220 501
578 173
85 24
187 664
723 460
681 558
206 1
152 140
318 485
28 5
505 141
682 754
110 530
500 104
599 180
100 509
115 83
140 164
539 221
616 779
706 441
448 264
323 312
555 669
442 514
339 361
245 208
447 28
636 678
295 13
554 395
487 286
469 44
648 756
697 728
699 418
676 302
169 312
729 713
751 97
381 20
794 333
149 415
471 818
327 170
618 671
180 503
103 129
63 572
252 424
141 562
156 99
812 774
250 54
258 29
21 52
168 558
521 184
781 8
207 475
132 107
300 147
373 498
158 36
26 98
162 117
65 186
7 14
191 477
708 743
506 346
557 351
507 258
437 372
757 676
533 20
234 575
22 161
290 767
256 289
367 510
502 380
39 75
9 23
3 37
157 73
263 367
97 93
108 237
120 117
133 334
641 221
309 221
55 353
180 283
647 641
768 318
274 363
196 180
41 210
674 505
84 800
366 256
359 489
232 592
94 395
47 418
429 631
736 129
407 517
193 185
27 166
223 165
481 483
328 585
189 233
30 44
569 89
619 16
41 296
413 93
201 286
158 182
295 387
159 746
355 141
10 148
284 82
289 538
57 710
169 72
391 56
301 261
167 17
277 87
408 564
70 84
130 384
233 256
220 439
374 338
777 208
824 487
237 409
768 789
66 548
735 183
335 328
216 71
139 264
466 375
149 77
813 471
15 43
100 13
29 56
227 727
540 337
283 609
228 614
104 293
27 143
314 101
198 425
11 9
115 287
560 553
115 776
307 210
64 525
306 68
58 261
624 158
148 372
4 22
427 462
349 476
6 45
594 5
162 211
111 105
615 54
262 467
68 44
711 505
104 428
147 253
398 726
465 136
50 4
419 230
416 286
777 815
1 268
52 752
523 236
591 485
75 660
96 348
418 535
190 86
90 534
333 104
272 230
382 367
137 294
93 205
